function Propparams=Propparamvals()
%%%%%%%%%%%%%%%%%%%%%%%%%%%%%%%%%%%%%%%%%%%%%%%% Propulsion Parameters %%%%%%%%%%%%%%%%%%%%%%%%%%%%%%%%%%%%%%%%%%%%%%%%
Propparams.M=(0:0.2:1)';% mach number
Propparams.h=[0 3048 6096 9144 12192 15240]; % height, m
Propparams.Tidle=[4715     2980    3914     5071     6672     8273
                  2824     1890    3069     4492     5916     7562
                  267      111     1535     3358     5026     6783
                 -4537    -3158   -1334     1557     4048     6049
                 -12010   -8451   -5782    -1099     2669     4893
                 -16013   -6227   -2647    -1521    -890      3114];  % N
Propparams.Tmil=[56403    40701    27579    17570    10898    6228
                 56401    40699    28080    17970    10987    6227
                 56089    41420    29401    19082    11565    6939
                 56223    43764    31536    20728    12632    7384
                 55111    45263    34472    23663    14456    8585
                 51953    43804    35806    27133    16902    10275]; % N
Propparams.Tmax=[88964    66723    48041    33138    17793    11121
                 95276    69834    49929    32573    19727    11565
                 100970   74993    54488    36269    22240    12610
                 107820   84112    61204    41300    25354    14300
                 115959   93742    71057    49440    30513    17570
                 128485   103723   81398    59977    38440    22494]; % N
Propparams.hx=217; % angular momentum in body-x direction, kgm^2/s
Propparams.hy=0;   % angular momentum in body-y direction, kgm^2/s
Propparams.hz=0;   % angular momentum in body-z direction, kgm^2/s
